title: Aaker House
latitude: 44.45745
longitude: -93.181594
