title: Administration
latitude: 44.462523
longitude: -93.185767
