title: Boe House
latitude: 44.46074
longitude: -93.179684
