title: Boe Chapel
latitude: 44.461901
longitude: -93.183871
