title: Buntrock Commons
latitude: 44.461874
longitude: -93.183015
