title: Carlson Tennis Courts
latitude: 44.464182
longitude: -93.187121
