title: Dittmann Center
latitude: 44.46271
longitude: -93.184758
