title: Ellingson Hall
latitude: 44.463876
longitude: -93.181387
