title: Felland House
latitude: 44.460725
longitude: -93.178557
