title: Finholt House
latitude: 44.458152
longitude: -93.178278
