title: Flaten Art Barn
latitude: 44.462601
longitude: -93.191169
