title: Flaten House
latitude: 44.4572858742497
longitude: -93.1862656756443
