title: Haldorsen House
latitude: 44.462035
longitude: -93.176524
