title: Hilleboe Hall
latitude: 44.458413
longitude: -93.186572
