title: Holland Hall
latitude: 44.459919
longitude: -93.181918
