title: Holland House
latitude: 44.460233
longitude: -93.177876
