title: Holstad House
latitude: 44.460231
longitude: -93.177219
