title: Hoyme Hall
latitude: 44.460427
longitude: -93.186883
