title: Huggenvik House
latitude: 44.460735
longitude: -93.178874
