title: Johnson House
latitude: 44.460744
longitude: -93.177028
