title: Kildahl Hall
latitude: 44.463551
longitude: -93.183702
