title: Kittelsby Hall
latitude: 44.458903
longitude: -93.187076
