title: Larson Hall
latitude: 44.459825
longitude: -93.184887
