title: Larson House
latitude: 44.45985
longitude: -93.177865
