title: Lee House
latitude: 44.460708
longitude: -93.178021
