title: Mabel Shirley Field
latitude: 44.465718
longitude: -93.18743
