title: Manitou Field
latitude: 44.461935
longitude: -93.179067
