title: Mellby Hall
latitude: 44.460549
longitude: -93.185236
