title: Mohn Hall
latitude: 44.463664
longitude: -93.181934
