title: Mohn House
latitude: 44.460765
longitude: -93.178326
