title: Music Box
latitude: 44.462507
longitude: -93.185456
