title: Old Main
latitude: 44.45931
longitude: -93.180236
