title: Ole Store Restaurant
latitude: 44.460327
longitude: -93.175317
