title: President's House
latitude: 44.460088693648
longitude: -93.1788214245041
