title: Pump House
latitude: 44.4606532695658
longitude: -93.1804848077248
