title: Rand Hall
latitude: 44.464181
longitude: -93.183806
