title: Regents Hall of Math
latitude: 44.459670316077315
longitude: -93.18299621343613
