title: Regents Hall
latitude: 44.459219
longitude: -93.182015
