title: Rose House
latitude: 44.459739
longitude: -93.176832
