title: Schmidt House
latitude: 44.460739
longitude: -93.17779
