title: Skifter Hall
latitude: 44.461585
longitude: -93.185778
