title: Sovik House
latitude: 44.458198
longitude: -93.177608
