title: St. John's House
latitude: 44.460749
longitude: -93.179476
