title: Steensland Hall
latitude: 44.459638
longitude: -93.180644
