title: Swanson House
latitude: 44.45972
longitude: -93.177549
