title: Thompson House
latitude: 44.460725
longitude: -93.180038
