title: Thorson Hall
latitude: 44.463352
longitude: -93.180325
