title: Tom Porter Hall
latitude: 44.461914
longitude: -93.180499
