title: Tomson Hall
latitude: 44.460178
longitude: -93.18375
