title: Tostrud Center
latitude: 44.463836
longitude: -93.189176
