title: Ytterboe Hall
latitude: 44.461703
longitude: -93.188436
